id:	0
genes:	1753	1937	126	1602	1179	490	1026	1082	1443	1462	113	137	417	1582	1926	1095	1584	1427	1246	944
samples:	23	139	30	74	184	66	101	143	100	125	49	27	13	121	3	174	67	105	62	26	141	19	50	47	2	130	162	55	151	159	160	76	1	90	137	156	36	148	120	149	87	135	22	199	15	93	95	109	147	177	54	140	6	129	117	83	146	20	126	58	193	91	114	98	57	12	175	59	79	176	195	32	103	118	104	144	181	4	39	94	150	38	185	51	167	61	34	153	119	9	24	111	173	28	179	152	97	82	133	45
id:	1
genes:	426	102	1390	1518	1828	971	1415	855	188	492	1153	1435	1940	947	1819	1882	1950	1430	895	207
samples:	174	48	159	152	0	25	115	23	100	33	43	193	131	124	182	171	187	9	129	140	109	111	53	142	117	42	176	37	168	51	4	59	67	11	148	62	78	143	157	88	38	6	29	179	15	173	160	65	20	149	110	32	154	155	30	47	21	172	19	86	188	130	16	61	60	81	116	170	13	119	18	198	31	166	113	95	72	122	44	22	70	34	14	40	41	10	181	56	118	99	102	186	89	135	163	82	191	92	134	127
id:	2
genes:	187	869	162	1256	1870	1557	1612	801	211	77	844	1127	671	1089	1969	789	186	1653	306	868
samples:	34	32	67	171	59	141	184	35	84	80	46	13	136	3	69	146	152	39	175	16	26	47	70	61	92	24	88	9	177	190	115	144	123	8	78	2	50	119	168	54	158	193	181	102	86	58	125	116	15	36	126	153	197	118	72	113	10	79	98	21	4	159	20	99	63	194	81	73	170	129	103	49	60	149	31	45	172	140	0	75	143	191	66	108	53	48	44	96	74	12	117	124	55	176	179	199	76	42	180	83
id:	3
genes:	234	815	744	1181	131	634	1155	907	639	437	1139	680	1605	112	381	4	1402	1587	1499	1363
samples:	39	4	73	121	64	2	149	93	35	86	139	113	108	173	31	144	95	137	69	30	123	46	40	67	101	20	6	87	190	97	186	7	61	131	166	33	171	114	85	141	154	194	158	159	22	142	37	189	138	195	119	110	165	10	75	191	44	140	120	183	48	94	185	163	103	102	84	14	169	19	100	175	45	146	50	188	28	0	9	34	70	135	161	66	3	17	80	58	79	181	12	63	116	18	157	59	111	38	126	153
id:	4
genes:	1803	244	316	182	36	389	681	963	531	1574	711	105	1644	1240	1357	734	1827	668	1506	1618
samples:	174	1	57	53	114	145	20	91	162	185	25	23	85	59	12	119	46	6	113	72	164	166	0	21	144	152	56	27	112	95	187	15	31	158	133	115	44	160	123	169	183	139	173	101	33	155	190	197	77	43	106	2	61	98	148	67	188	196	50	36	142	198	193	40	184	49	71	63	156	153	94	78	83	175	62	79	110	4	140	73	30	111	97	52	151	66	189	11	132	128	80	32	138	68	45	39	89	186	93	103
id:	5
genes:	1438	916	1639	1592	59	626	1253	836	1657	1264	1549	204	403	823	498	1228	5	1487	1789	1274
samples:	195	79	10	122	170	48	30	47	157	137	31	65	13	52	138	178	112	145	133	136	76	164	3	156	163	14	135	28	66	166	99	21	15	37	110	114	161	105	104	58	190	182	154	188	4	98	70	42	189	129	56	20	180	131	18	175	116	33	71	111	67	168	16	153	7	1	64	29	38	88	186	89	54	142	26	177	179	102	187	23	61	51	73	49	57	96	45	24	43	148	165	121	184	150	39	59	152	181	19	78
id:	6
genes:	83	968	1611	979	799	732	1234	790	237	1760	617	1540	469	672	73	1340	1006	1369	1028	1942
samples:	181	156	135	83	70	115	100	67	190	42	85	17	98	131	196	69	124	109	103	66	141	153	97	179	48	118	150	175	99	51	57	166	27	178	31	180	75	59	121	15	139	91	140	160	30	132	63	62	104	161	171	170	55	128	33	12	136	4	38	10	158	68	185	129	195	81	138	87	50	146	88	116	93	95	86	189	174	46	13	123	148	194	117	7	80	72	106	18	37	164	159	8	186	84	184	60	197	49	9	193
id:	7
genes:	1110	1330	456	1913	142	1047	740	829	226	1714	906	1701	351	1410	556	433	1365	217	698	172
samples:	90	109	137	10	119	63	196	82	7	22	107	32	197	46	84	65	152	97	54	81	95	34	75	48	62	154	141	13	153	185	50	165	159	4	106	108	18	157	93	167	51	177	142	190	68	26	181	103	116	5	28	39	184	166	131	115	169	134	114	147	85	66	149	132	78	183	60	136	129	104	105	30	43	37	25	180	17	133	38	175	188	61	193	198	40	163	99	15	138	0	19	171	88	64	67	199	156	110	27	55
id:	8
genes:	308	1668	471	1619	1679	760	60	486	1136	84	268	712	96	1185	1154	1035	129	359	1546	440
samples:	112	102	127	92	108	56	63	181	176	189	27	99	124	158	43	109	116	23	182	110	143	35	144	114	134	15	65	95	154	67	30	41	188	153	47	122	100	135	73	187	81	54	125	101	172	117	82	60	36	58	126	194	137	105	193	78	48	115	178	195	168	53	90	119	85	70	136	19	1	123	55	192	191	163	14	167	76	11	98	42	121	88	83	38	89	173	166	12	71	93	8	169	40	149	13	9	131	16	150	146
id:	9
genes:	1838	312	1893	95	866	236	1851	348	1947	1727	641	771	287	271	1196	901	354	202	1077	19
samples:	64	151	53	30	82	94	78	81	3	149	49	180	23	158	48	73	113	42	102	83	109	190	122	10	11	67	38	1	139	25	163	184	125	89	192	71	145	129	86	177	55	77	43	26	70	114	155	24	166	76	120	164	191	31	5	101	188	52	41	79	57	92	131	33	69	104	137	121	165	141	88	105	193	197	126	115	169	147	107	4	6	171	124	65	16	117	27	178	80	18	68	133	21	134	13	62	22	103	174	173
