id:	0
genes:	448	1994	149	98	540	656	376	1715	798	759
samples:	36	153	63	186	148	98	96	176	54	14
id:	1
genes:	512	373	492	731	1791	1349	330	1977	1054	560
samples:	130	189	159	115	142	195	46	10	192	157
id:	2
genes:	567	736	831	637	241	765	1396	1121	642	1868
samples:	33	45	14	137	172	99	192	174	76	52
id:	3
genes:	18	1585	350	1454	137	995	1920	1092	916	1365
samples:	103	177	186	33	138	70	45	196	17	108
id:	4
genes:	743	233	1554	753	1516	1569	1653	662	238	1280
samples:	0	106	126	162	6	1	137	60	190	39
id:	5
genes:	256	536	1831	1389	1034	398	1156	1056	758	800
samples:	60	89	147	122	30	33	184	12	117	150
id:	6
genes:	86	1357	862	191	1038	631	229	1727	218	7
samples:	117	132	151	79	0	125	192	147	166	149
id:	7
genes:	1305	1599	1222	1583	612	102	1925	383	1547	1632
samples:	99	20	120	72	169	179	152	192	56	144
id:	8
genes:	596	1264	1207	1160	990	1911	1387	669	304	928
samples:	133	101	192	164	120	139	172	183	156	86
id:	9
genes:	701	640	404	37	8	516	1243	832	500	1060
samples:	30	135	80	112	150	182	192	141	63	33
