id:	0
genes:	916	486	1793	111	1305
samples:	86	146	111	119	196	91	133	94	1	108	62	141	123	144	177	181	106	80	24	158	31	8	7	11	75	53	154	85	47	12	77	59	79	72	173	110	87	43	157	117	21	103	192	139	36	50	184	90	159	13	83	42	130	140	118	46	175	176	35	122	102	128	180	188	160	6	37	49	27	183	120	132	16	152	23	82	10	185	129	150	194	137	153	76	95	198	155	113	4	171	149	38	156	187	178	64	9	81	22	105
id:	1
genes:	221	854	1760	128	502
samples:	119	118	160	81	8	93	120	105	185	58	197	104	108	107	83	68	127	6	31	38	77	175	150	102	147	35	135	7	193	97	72	21	106	186	94	138	169	36	61	74	15	123	142	152	132	96	125	165	42	131	24	157	66	47	164	158	111	109	101	56	177	39	70	44	10	98	184	190	141	100	121	163	129	33	86	191	65	148	162	136	29	198	188	126	76	180	173	52	161	187	112	18	28	154	182	178	60	124	159	46
id:	2
genes:	739	703	1113	647	1301
samples:	159	74	58	73	157	173	42	199	56	172	121	119	135	132	70	24	30	27	33	150	141	112	158	38	47	101	88	22	2	164	181	76	79	61	124	16	17	14	193	92	170	178	120	31	175	13	65	72	185	85	130	129	77	189	110	165	98	118	102	4	180	106	133	89	127	116	66	46	103	12	99	96	145	108	39	142	155	93	105	122	183	163	125	43	64	20	45	161	21	123	60	37	10	195	49	197	83	68	134	32
id:	3
genes:	909	612	1292	1247	824
samples:	18	24	144	103	172	134	76	44	2	186	157	167	9	52	1	99	111	120	85	110	141	12	197	68	193	161	42	150	164	142	82	126	16	43	130	32	154	188	127	19	177	78	55	67	56	175	113	86	39	34	158	73	191	77	185	163	131	3	196	108	20	17	112	116	23	64	51	13	35	119	33	63	189	145	187	95	90	183	106	0	184	128	48	11	182	198	81	60	139	41	88	180	62	74	124	61	181	97	173	27
id:	4
genes:	1082	582	459	1971	1835
samples:	172	117	176	81	100	70	190	9	184	179	83	113	58	93	14	171	73	10	107	186	63	49	72	24	54	131	102	161	133	91	103	59	168	46	175	29	135	141	138	119	111	76	199	13	177	27	197	124	170	20	96	142	181	80	191	185	28	50	187	74	146	105	139	188	193	198	84	166	116	18	88	194	55	104	56	110	62	196	115	128	97	132	25	112	8	60	192	82	45	86	6	23	40	165	151	44	148	85	2	154
id:	5
genes:	621	890	609	920	12
samples:	80	103	24	149	45	51	174	134	180	193	89	72	82	9	1	102	146	95	199	54	108	59	28	132	44	151	139	8	21	33	0	69	35	124	169	164	131	130	188	198	195	73	50	161	43	121	150	53	152	157	182	39	110	27	23	172	165	168	94	18	71	186	123	166	30	36	136	143	107	116	6	114	137	140	100	170	64	22	13	63	135	12	75	57	97	196	40	78	162	177	112	197	178	183	144	88	163	119	81	86
id:	6
genes:	1035	1215	1033	1893	1453
samples:	90	107	192	172	5	177	165	173	196	60	188	176	80	195	157	88	3	49	198	12	140	44	86	154	190	182	37	82	129	133	34	197	14	85	166	135	6	169	116	9	39	161	8	144	54	74	103	156	52	19	164	174	143	23	69	50	158	17	179	148	128	11	13	137	155	194	61	163	146	145	180	28	170	152	130	58	167	199	70	94	38	127	24	95	75	91	43	45	93	89	122	132	7	117	159	92	141	191	84	111
id:	7
genes:	506	1186	1867	484	1824
samples:	122	149	24	5	64	169	26	182	49	90	192	21	199	145	38	174	55	17	179	16	40	121	165	196	142	153	168	127	135	117	143	98	152	163	130	118	67	30	19	188	93	44	105	132	160	63	194	33	140	144	2	34	77	167	36	111	53	141	81	104	11	137	134	175	95	31	61	20	60	109	162	66	9	94	110	195	48	138	35	177	100	68	22	84	54	181	88	47	161	159	189	83	116	107	91	76	150	87	186	41
id:	8
genes:	452	368	1491	1651	965
samples:	187	121	8	126	137	143	6	64	5	16	44	181	21	1	61	144	118	56	63	42	124	4	146	66	141	90	74	104	168	110	28	173	30	101	105	25	92	62	151	130	196	111	45	77	50	120	157	89	178	132	54	47	114	192	189	152	70	37	150	113	197	80	138	31	79	145	34	71	98	86	52	22	112	190	7	65	169	161	76	57	160	46	27	59	88	184	0	142	188	191	198	199	32	15	165	26	43	48	10	117
id:	9
genes:	1125	1679	1547	1145	1863
samples:	44	15	199	111	115	69	102	188	161	39	103	96	58	134	57	122	27	92	120	183	32	42	37	151	74	86	165	192	138	195	132	117	93	101	67	83	28	189	52	31	8	136	112	140	72	6	124	190	126	71	21	79	197	46	19	73	135	100	60	162	25	172	119	131	176	80	16	116	56	59	127	154	110	0	1	18	53	158	35	40	123	160	108	94	45	62	104	180	142	169	167	144	147	114	89	106	47	97	163	95
