id:	0
genes:	998	1719	279	1093	1968	1799	1608	1835	388	842	1040	209	348	1768	1587	1812	217	1153	533	1243
samples:	51	64	65	81	137	56	155	172	86	195
id:	1
genes:	645	1561	1118	323	773	616	332	88	597	50	178	593	1885	1126	742	882	41	707	943	1521
samples:	130	71	192	184	76	3	45	104	20	159
id:	2
genes:	915	43	1228	583	1403	1113	316	498	1205	1932	1224	952	1149	1410	826	1260	1406	1805	1303	730
samples:	103	33	77	146	34	132	49	21	129	102
id:	3
genes:	1000	1743	1280	783	170	1159	1166	1747	1565	662	1069	1499	422	677	1173	1606	1836	1870	435	1739
samples:	188	37	178	131	41	142	43	7	53	125
id:	4
genes:	432	62	639	1473	1981	1926	1289	33	111	1637	1537	126	140	1972	1852	1182	809	1227	47	132
samples:	51	163	44	117	155	139	49	137	61	140
id:	5
genes:	1914	2	1250	310	1363	1210	930	1887	606	1212	93	852	376	1952	876	1383	1494	546	1334	1448
samples:	111	192	69	36	31	14	2	122	184	75
id:	6
genes:	106	1357	531	40	1546	803	999	1413	1337	440	185	1012	1514	1533	716	469	1290	478	1023	1109
samples:	186	46	154	79	141	29	131	199	127	156
id:	7
genes:	1423	1293	1789	1900	789	617	888	1123	796	709	902	234	365	661	1088	584	1607	540	1249	1458
samples:	158	112	79	182	25	14	193	161	157	87
id:	8
genes:	415	768	1753	16	510	1152	1309	381	1498	1736	1769	1392	1958	146	993	1461	1039	333	1440	190
samples:	92	109	46	5	26	199	15	196	130	37
id:	9
genes:	377	763	1449	918	900	485	1878	740	28	1273	1316	1267	913	747	1647	1111	1639	483	1860	286
samples:	111	64	82	119	19	80	153	11	94	115
