id:	0
genes:	151	1647	1924	1683	231	73	1980	825	655	1685	761	1852	1136	1236	884	275	1299	9	1307	1858	467	740	226	995	220	1320	1145	1452	1981	926	182	755	410	733	1682	759	1531	1106	391	1043	187	1433	1071	697	1290	617	541	1007	1499	1107	1361	1435	920	1801	966	1541	690	955	1572	882	317	1217	1602	1951	251	93	1579	595	1166	1769	586	1818	1492	1017	1025	1870	1047	709	752	847	1450	121	1376	1822	849	1964	658	968	1605	1856	1207	128	1708	575	1532	261	1232	1386	1521	1063
samples:	76	197	73	28	179	64	191	60	77	62	103	135	48	138	81	114	46	131	66	178	150	134	188	180	110	68	26	154	176	95	14	25	116	80	165	2	22	149	52	121	99	147	43	125	6	193	115	144	111	90
id:	1
genes:	941	1705	1721	53	1863	936	523	488	1972	838	1343	588	928	486	1379	681	1711	172	1504	1965	72	1756	837	130	183	669	1064	483	82	938	478	240	1124	305	774	875	1030	1775	1595	57	1410	491	1464	1205	366	86	1746	1907	1543	581	449	1432	199	250	387	1130	101	1795	1742	1201	237	1331	330	1645	558	1135	1472	623	170	41	210	1194	983	113	1442	963	392	1340	1523	1022	453	99	295	701	269	1297	1880	984	350	1973	1118	349	415	6	1897	178	194	1060	604	1174
samples:	192	167	11	70	57	45	103	186	113	116	41	197	172	77	128	52	59	53	134	28	81	19	196	165	6	176	114	161	3	91	32	181	42	16	124	155	190	82	175	158	92	8	166	98	74	56	179	101	25	63
id:	2
genes:	1257	125	418	277	790	1010	1360	726	519	160	1036	985	493	799	117	772	1739	1665	258	833	1027	1540	1405	935	136	1237	432	1471	869	1872	1402	730	743	1813	1214	1233	148	559	265	1111	1084	1876	650	352	1200	614	452	1716	1679	496	30	679	1867	1908	1406	608	554	1138	801	236	1639	1014	45	583	1723	1770	1881	728	850	515	779	644	693	922	1661	145	1777	409	1478	252	1098	1024	1720	1149	724	1123	44	1227	708	1121	862	215	1971	1823	680	1362	1692	1699	1986	1443
samples:	25	170	74	193	132	125	67	42	97	31	113	100	51	21	11	111	117	110	115	27	80	91	126	33	127	120	37	35	84	182	49	63	169	181	154	165	15	107	142	82	81	29	146	32	147	112	10	187	140	134
id:	3
genes:	1955	333	905	1533	1848	1046	521	367	90	1607	569	396	946	123	38	1308	1537	1400	223	911	1156	1633	533	895	1811	1886	1644	1228	1791	1898	903	1909	303	714	1113	441	1282	699	800	502	763	1950	556	156	1437	308	192	1091	1635	880	1259	1814	1713	552	1693	271	1042	907	179	1556	613	1100	766	1577	181	1080	1782	725	1603	796	318	729	974	25	325	1544	1371	704	326	299	1309	1666	1841	343	641	1860	1798	721	195	1700	490	1640	634	1520	727	792	355	1890	1015	174
samples:	99	77	41	131	176	132	138	10	89	116	149	162	103	142	106	193	165	63	49	187	102	188	196	7	86	18	28	88	68	129	175	25	79	62	42	121	163	120	104	189	64	57	194	119	160	184	115	133	156	168
id:	4
genes:	791	891	1052	1653	475	1689	1542	1831	1332	1643	1582	1988	1479	1489	745	134	918	742	1662	1970	1926	77	1153	1807	94	781	282	1381	63	744	1976	1387	1265	542	76	544	1220	1911	1494	428	1311	1160	455	1213	1422	239	516	1495	900	1104	267	289	443	1132	1754	1722	1280	1219	1733	1254	1779	1490	1004	643	1327	1185	307	1952	1936	1772	535	1355	1074	283	1436	571	1997	1583	320	1278	132	1668	546	853	1412	0	354	1979	1953	397	668	991	1129	280	1567	146	670	1240	1564	1294
samples:	142	104	146	134	111	178	30	82	145	114	78	179	8	115	15	53	166	27	160	37	165	48	32	19	43	135	86	23	49	25	168	70	191	21	156	158	94	18	47	90	150	88	61	123	12	153	185	62	81	127
id:	5
genes:	1892	1140	1333	1352	234	1029	870	315	538	1974	19	1441	339	348	1447	1845	1117	1838	159	1581	1591	356	1231	150	87	285	14	1824	1330	913	1949	1590	1366	1449	550	615	1416	1943	1222	947	685	1310	1558	1065	1341	770	324	176	1496	872	1019	1611	824	36	1417	1962	518	497	1247	1921	939	1684	238	1788	1651	108	1077	579	284	1110	1740	877	314	1676	444	492	1905	564	1242	1677	531	363	749	353	576	1039	1322	207	1487	1519	1731	589	795	1799	1210	1184	1421	1429	484	1252
samples:	132	62	40	14	73	2	139	187	185	43	158	29	110	160	56	176	53	113	152	54	61	65	116	84	186	143	165	156	109	114	163	97	75	82	131	190	58	172	22	141	174	88	179	39	30	142	49	37	168	78
id:	6
genes:	1367	120	147	111	1281	434	337	883	1088	1114	551	1373	203	715	1678	567	700	1380	1593	212	1843	998	457	1272	5	1475	379	1691	659	1660	972	1920	479	1090	260	362	374	543	1305	1188	153	81	196	61	360	1431	118	1984	1301	594	1594	1655	526	202	1982	235	161	517	1245	1732	1454	1606	214	1238	1001	204	1092	1300	1473	10	1	1809	1836	981	1339	213	1377	1058	468	440	1306	993	760	1493	1164	695	1357	1127	470	1522	839	1626	896	1894	636	253	1415	1342	97	1208
samples:	51	171	139	26	163	149	42	48	91	169	61	196	109	80	19	166	134	154	123	104	78	175	165	177	21	173	119	180	126	98	144	189	94	99	45	9	37	74	151	41	198	20	31	102	10	52	153	46	145	137
id:	7
genes:	1718	79	1179	1735	762	1246	1190	1268	739	1497	756	429	857	956	606	1956	706	951	514	527	1750	175	1899	1427	1081	276	1040	1467	323	960	1095	657	1401	390	1446	1256	1820	1028	142	1035	322	1057	1783	149	942	1370	1944	221	924	600	1171	124	1875	1787	633	1383	1690	778	1794	29	143	39	522	1825	597	200	47	509	866	1837	834	464	423	692	1141	364	863	748	1461	1710	319	1051	244	1045	767	1283	948	958	1598	1917	929	499	1959	1625	1066	1762	55	1287	1466	1488
samples:	29	7	180	125	88	39	45	194	189	132	193	98	43	30	93	145	179	99	75	79	133	52	144	182	177	175	185	2	146	91	50	33	117	10	166	101	161	38	31	65	73	131	16	56	62	76	11	174	128	14
id:	8
genes:	1249	1011	1326	734	773	23	843	1945	698	1269	357	268	547	735	1078	1695	373	494	828	925	446	952	1580	1817	1613	1253	1463	1889	75	1286	1834	1304	961	539	906	384	957	438	1728	1615	436	694	1509	1498	1314	141	1844	85	1176	1796	587	1144	395	1568	1674	1353	577	1724	1985	899	7	49	1365	1204	454	1810	881	279	1589	233	15	1766	1632	1821	1012	1802	1485	1187	138	1618	1439	1599	427	1893	13	827	1170	1438	1192	1070	18	868	878	451	103	1701	425	1319	1146	553
samples:	73	56	51	147	46	38	101	10	62	117	168	17	49	186	174	170	19	35	82	143	24	190	25	86	68	47	87	23	130	114	70	154	0	159	22	113	43	182	72	171	7	106	97	160	83	195	146	8	65	192
id:	9
genes:	100	904	836	1125	902	40	1251	256	1180	1430	1573	1574	1368	660	83	804	525	359	503	1173	1612	565	1983	272	507	661	976	474	273	198	264	1963	937	1789	741	1994	169	805	1604	1652	1557	898	1006	529	1229	1673	959	1630	1511	1303	1276	1348	336	979	1336	1768	1764	43	456	1884	1584	211	908	1752	1384	1575	1426	1425	1957	814	1624	1990	1505	696	1250	667	712	840	1440	1055	1946	930	92	874	601	358	405	232	129	626	1610	1120	11	1927	512	1049	137	1325	399	768
samples:	11	141	33	125	68	108	17	87	36	185	124	84	81	51	156	16	147	94	123	166	149	158	25	116	59	15	40	180	0	75	115	56	118	100	132	42	93	19	1	194	71	114	170	12	49	187	65	66	35	89
