id:	0
genes:	541	201	1826	746	248	783	213	936	485	1752	208	664	1112	619	1107	824	18	634	786	638
samples:	12	75	69	66	193	122	160	36	21	33	124	134	141	171	62	68	186	13	57	47
id:	1
genes:	41	456	999	1664	820	1335	659	416	846	76	723	1199	467	540	640	933	1992	90	1594	998
samples:	49	128	183	141	149	135	2	174	53	57	85	126	118	133	121	111	15	180	56	170
id:	2
genes:	428	624	100	932	1871	1455	155	327	1573	489	391	1374	544	322	1271	1084	1908	17	578	1337
samples:	87	144	64	186	69	182	123	196	50	102	152	99	57	180	109	60	110	190	105	68
id:	3
genes:	1181	402	1874	144	915	227	1951	1638	676	1020	1542	469	452	1589	1687	1145	1359	1555	1162	1897
samples:	130	12	109	102	118	129	176	41	13	93	137	24	25	96	140	82	80	88	156	53
id:	4
genes:	157	229	290	1174	1787	1657	410	879	344	422	582	1983	633	384	1250	55	115	184	463	1483
samples:	14	4	27	25	129	165	77	18	112	197	9	178	74	195	127	134	180	32	84	36
id:	5
genes:	1624	505	1899	962	175	1025	1764	503	1527	172	552	381	941	1140	569	1845	1846	1809	1572	334
samples:	57	37	196	130	113	59	84	186	137	103	75	138	88	177	173	54	69	131	58	153
id:	6
genes:	1152	601	1730	1810	8	688	1282	1115	576	325	4	108	1109	776	1821	866	1294	1186	1785	1451
samples:	27	77	143	45	192	178	46	36	61	52	26	19	17	100	104	110	146	122	63	133
id:	7
genes:	912	1008	1375	1344	291	1473	608	1417	1418	598	604	272	1601	1659	1658	887	1286	1653	1280	1867
samples:	160	184	88	72	161	17	30	106	120	20	79	34	83	47	185	170	85	99	148	157
id:	8
genes:	1805	603	1590	345	1201	1358	169	317	61	717	704	209	233	1595	946	1605	806	1348	1858	387
samples:	129	66	160	48	139	193	64	126	95	177	157	152	164	44	8	183	2	127	6	50
id:	9
genes:	107	652	1412	1252	1291	1748	1227	202	947	1875	1898	1635	1944	617	1148	874	1499	593	1742	161
samples:	93	112	195	164	188	190	40	119	28	81	111	109	3	34	101	23	67	100	138	31
