id:	0
genes:	163	1890	922	384	172	1901	478	1572	1615	808	642	1243	1838	946	912	1844	391	692	672	495	974	1270	1455	1213	327	1304	867	1779	806	394	837	1622	1842	1970	1335	1377	1675	714	834	1952	1017	91	1935	1037	539	1333	277	1127	1753	167
samples:	47	178	42	171	137	41	192	103	153	50	114	48	99	72	148	179	152	111	116	150	138	39	164	58	160	136	46	84	44	143	52	36	134	65	6	90	163	15	169	189	139	10	23	32	156	195	35	74	185	184
id:	1
genes:	1879	1503	1284	124	1605	1776	1325	1291	423	1278	1896	1189	939	575	289	235	1576	1579	720	1317	1553	397	709	558	294	242	496	55	1898	657	204	227	1249	1289	403	88	975	791	1117	17	668	1386	1031	988	158	116	1866	1858	1843	261
samples:	194	59	38	73	75	126	74	54	144	66	22	82	147	156	48	72	3	170	189	149	158	61	179	172	10	0	155	6	120	68	80	5	188	165	111	187	12	168	30	33	132	119	134	137	175	13	86	64	191	195
id:	2
genes:	1311	102	1595	571	1524	941	1798	1578	1920	738	1260	923	1414	1207	1072	340	1354	1238	1319	1908	104	1071	979	359	1277	1664	1580	1557	907	151	1654	1797	34	1971	256	1029	1135	40	572	800	399	1522	1620	1761	1551	805	581	1059	1900	1204
samples:	122	135	170	51	97	53	35	79	115	45	176	175	57	7	141	33	83	49	155	113	76	183	9	136	154	137	73	109	144	165	41	68	36	158	32	65	69	42	199	169	119	54	21	184	50	151	110	82	105	62
id:	3
genes:	390	1744	1767	1681	1247	1757	1735	1561	1060	251	128	957	1434	1621	1731	109	1921	508	1313	525	1634	1144	1650	1307	212	870	1099	1384	711	80	1934	888	1413	713	1793	225	1109	1805	1928	1862	1440	143	1703	1130	231	1010	690	632	1402	1772
samples:	19	17	25	48	166	118	192	64	112	194	143	161	104	134	191	73	100	120	147	193	117	146	103	49	173	137	80	97	168	195	56	121	61	196	167	79	127	136	39	139	74	130	12	109	51	69	160	30	20	38
id:	4
genes:	1708	428	1871	514	1168	159	1523	203	1432	482	1954	1694	1692	1347	1696	877	171	1114	1395	142	723	1929	465	522	1992	1817	250	924	1360	728	853	1143	1632	1442	986	183	664	1468	238	366	1310	1407	1616	441	1644	1309	207	722	269	1562
samples:	17	73	165	116	190	56	30	99	71	31	22	79	144	95	199	194	159	61	137	177	62	128	110	149	112	142	108	105	52	6	164	25	47	154	195	8	40	96	50	122	16	184	9	72	80	35	151	133	78	158
id:	5
genes:	754	1097	802	1322	1361	1472	1511	1673	760	648	44	743	401	307	1288	919	569	413	1877	633	1973	519	130	605	1850	1073	1924	424	1981	100	741	550	324	1942	1678	1957	697	1185	288	751	1095	1191	1875	144	1115	84	427	567	1846	1179
samples:	121	49	2	90	52	8	77	136	118	54	13	153	129	50	28	187	142	20	179	35	97	38	126	53	17	188	157	190	86	123	141	150	100	193	12	165	198	159	103	84	151	80	4	162	196	102	122	22	59	58
id:	6
genes:	897	249	1259	683	1007	1726	63	1153	1689	106	1547	1740	1760	215	1796	1003	1215	1809	1499	1301	1691	42	1540	170	1321	161	475	1390	699	1852	531	1558	847	1739	879	734	1181	380	52	1274	594	1633	1312	1697	1217	1567	1318	357	460	319
samples:	78	6	122	37	26	1	163	138	29	134	175	156	171	14	56	82	25	147	130	46	97	124	164	195	20	96	168	74	86	91	16	182	80	93	52	45	135	94	161	81	67	66	120	131	17	160	49	146	144	42
id:	7
genes:	1316	117	457	1656	348	1403	1831	54	392	587	891	899	1969	745	1537	1014	1906	96	458	981	1437	810	661	0	1136	86	1949	1679	1456	609	264	764	963	82	65	90	306	426	797	1667	1528	1104	1829	1158	101	1214	983	1469	871	1282
samples:	76	136	61	171	143	161	1	27	106	190	50	34	88	185	109	86	11	46	184	67	21	0	148	179	6	10	123	189	58	77	9	70	139	130	170	112	125	38	39	104	74	192	4	84	87	36	72	114	43	92
id:	8
genes:	1471	1940	1914	1466	1198	1193	965	1742	1778	627	744	192	1550	978	1427	1145	341	515	123	521	49	811	1474	1670	1944	1773	486	816	1652	730	205	513	1290	1770	372	1741	369	1106	355	953	1571	415	1510	611	958	1348	330	1401	836	1028
samples:	167	78	110	132	163	95	151	28	160	125	92	105	141	70	157	179	186	43	175	159	136	48	39	18	89	12	63	62	36	30	174	137	162	195	139	58	25	75	74	147	149	113	111	187	112	101	34	15	189	194
id:	9
genes:	866	166	1998	1736	780	1174	584	317	747	38	742	125	862	503	1648	1764	138	1677	647	1263	563	1411	1493	185	925	1299	656	641	1211	1963	813	1404	729	1463	1314	1302	1707	1383	622	490	150	1048	1699	1131	1380	624	417	1941	926	1327
samples:	182	66	130	30	0	50	173	27	10	58	34	13	68	94	47	48	62	177	166	113	163	128	1	107	28	198	149	55	174	159	111	171	69	46	12	109	21	152	74	124	116	164	165	139	77	179	153	135	191	97
