id:	0
genes:	390	1818	904	702	412	995	1338	1131	1290	644	893	594	167	1721	656	514	166	536	683	1753	1029	1794	1810	986	1978	1151	1568	1569	1518	141	1228	1234	367	1686	1110	848	91	1543	1289	1105	831	1079	423	361	56	809	548	16	74	1539
samples:	68	18	49	34	190	173	155	165	127	55	4	113	181	153	163	79	100	149	109	161	12	107	1	10	64	98	103	154	76	183	84	85	156	142	166	136	7	125	186	40	67	158	134	19	29	137	168	169	111	178	54	32	96	82	157	189	51	177	110	188	152	184	5	59	16	185	90	57	141	147	198	38	25	193	176	48	74	102	86	112	87	116	0	97	117	197	73	58	175	14	92	119	99	35	128	42	22	105	45	44
id:	1
genes:	406	1962	1253	1097	58	179	35	993	1855	304	1423	1710	115	807	1249	507	230	373	297	240	1377	977	842	1350	979	846	1424	102	1667	765	1752	1551	1618	340	468	1082	983	1880	1434	273	1771	1099	1921	891	1930	830	1856	232	1092	446
samples:	21	7	37	133	0	38	35	124	93	75	118	151	184	57	2	47	140	79	115	100	197	168	157	154	16	44	105	63	49	107	150	198	125	180	181	71	136	66	31	129	165	153	27	171	67	137	187	46	185	132	144	85	3	142	98	30	176	127	160	48	167	135	51	199	182	92	88	8	86	179	11	164	193	190	169	177	149	97	60	120	5	50	40	59	130	23	158	29	94	156	56	95	188	25	72	134	123	68	6	122
id:	2
genes:	1720	1484	1274	144	1808	253	109	1830	461	573	170	161	330	194	1180	449	576	1477	478	597	894	564	1995	1403	1121	1190	606	947	1365	649	303	1136	605	1280	1678	921	769	513	261	1894	821	1973	1465	464	1235	1643	869	387	92	1267
samples:	26	126	119	54	73	66	22	44	87	117	122	140	193	28	63	129	1	176	50	9	47	89	17	114	29	170	111	106	191	180	168	76	149	34	109	69	0	60	105	131	71	25	166	155	118	125	38	178	151	49	85	37	138	74	107	156	46	181	183	158	197	20	86	160	10	148	81	139	135	127	48	120	42	121	136	190	112	133	16	100	61	144	159	132	128	188	43	167	147	104	116	199	82	175	157	64	45	58	83	186
id:	3
genes:	1628	1177	1505	1337	1725	1361	1015	1640	1884	1226	1074	1187	1492	397	707	1557	591	1028	52	1805	1726	286	1511	1832	1637	1075	1387	400	599	905	1210	1631	1461	1801	275	632	130	1621	215	953	1585	868	1825	760	768	1783	1297	694	745	687
samples:	13	140	182	137	171	113	127	144	111	67	108	135	1	43	101	18	75	163	55	36	50	86	126	123	155	32	176	64	84	103	132	174	54	165	81	20	122	166	51	154	2	161	23	66	42	7	47	29	118	102	195	93	79	107	27	184	68	57	38	134	190	52	177	97	95	26	153	37	168	130	104	41	185	183	188	189	151	71	141	98	9	173	76	0	28	45	48	24	117	99	100	187	10	8	60	62	92	17	82	116
id:	4
genes:	1083	1307	744	1287	477	1133	284	941	588	146	1994	1788	1705	612	1945	118	317	1339	120	1153	611	633	721	1440	1897	70	100	1175	788	580	1369	1260	1268	816	1521	1011	1524	204	1652	441	1598	1604	545	1583	158	1714	1120	1124	566	641
samples:	152	109	95	182	5	135	43	63	61	60	120	175	157	30	21	150	185	56	132	136	174	28	146	57	107	70	82	37	51	7	97	76	44	179	176	99	167	50	58	45	113	9	100	94	131	34	149	90	164	6	169	32	48	172	160	177	73	188	129	67	89	19	66	108	173	4	118	80	54	186	27	1	106	191	59	87	184	74	40	46	110	104	178	193	168	86	69	36	158	84	194	141	199	142	75	26	55	88	190	103
id:	5
genes:	1107	285	375	1616	372	1211	455	978	195	266	650	65	217	1279	1408	1850	475	1514	235	1344	1059	1314	1375	1138	237	157	408	1358	874	1220	1327	500	1550	803	434	257	1821	1108	602	1778	1570	583	502	1245	1252	1566	1594	1918	319	160
samples:	191	13	105	48	195	129	194	43	72	50	63	35	139	100	158	69	47	4	196	97	51	36	120	115	75	153	30	95	49	128	15	170	29	140	77	119	197	5	98	99	79	7	109	44	143	168	130	184	177	0	189	92	199	91	152	71	110	106	102	27	155	124	136	142	138	183	25	123	93	141	118	178	52	147	37	57	144	11	6	90	145	81	161	114	28	8	159	165	154	42	45	89	2	64	17	58	127	40	125	41
id:	6
genes:	1414	1960	1158	1080	1049	525	488	133	1060	1740	1781	2	1926	1019	1948	1573	900	1204	1582	1368	1094	934	1957	1037	834	1876	1345	603	1609	456	1171	784	444	1789	1199	827	471	937	1817	761	634	1535	1748	1863	410	1603	116	581	76	324
samples:	36	143	58	123	72	80	139	96	103	84	122	146	142	55	193	191	194	8	14	9	153	188	31	199	90	160	164	130	161	132	85	171	78	20	101	22	167	7	40	197	88	107	126	76	51	115	195	6	177	108	97	34	178	91	129	118	10	137	48	46	53	11	27	1	150	28	79	183	47	59	63	151	21	77	198	192	125	50	133	29	124	186	41	37	165	73	155	13	113	185	169	176	30	168	99	70	57	179	182	38
id:	7
genes:	1386	287	353	1865	1612	37	321	66	1803	1907	1626	316	1575	795	1036	1534	878	1892	383	1795	165	1370	1	1218	1096	1689	1419	1364	180	267	1071	793	1264	1664	1639	1259	1425	1653	852	1934	1983	1826	1054	939	463	162	916	191	1716	1473
samples:	14	142	195	114	117	91	75	63	82	193	171	76	172	27	60	74	26	33	25	116	174	32	58	125	141	140	183	111	50	86	98	165	12	115	2	177	17	126	168	138	149	106	110	135	70	194	87	163	31	43	190	42	39	151	156	16	133	38	13	77	182	157	66	199	84	56	52	49	101	132	95	47	85	97	146	100	1	198	186	4	7	65	105	83	24	176	15	155	159	53	68	21	6	131	103	93	170	71	181	130
id:	8
genes:	1293	1526	1953	1915	1137	250	1348	762	1599	1940	1900	371	1126	1237	748	1919	901	1754	1749	1179	289	199	1396	1704	1853	1149	252	774	1021	1366	1879	722	1084	175	578	1914	50	1413	1351	1968	1645	1161	976	1223	259	21	1961	1547	311	318
samples:	68	182	88	76	65	35	47	48	23	102	163	0	152	70	46	184	31	165	79	111	92	83	180	183	173	41	162	69	20	73	91	103	138	59	32	124	107	44	58	2	174	194	62	144	78	72	161	167	169	148	141	93	53	12	135	177	129	95	150	100	29	113	45	186	166	52	198	195	117	50	143	123	199	82	25	127	60	139	147	149	178	38	86	28	157	156	98	179	164	121	197	137	66	71	187	101	30	128	136	42
id:	9
genes:	385	1513	1487	1828	386	300	1780	1841	1691	338	700	231	1902	355	1558	1786	1454	396	956	198	1043	214	1774	437	1388	862	1890	1893	496	354	1032	838	1791	1490	20	1242	1119	192	1383	196	1581	445	752	104	1852	1400	1804	1047	997	1975
samples:	147	139	25	140	184	14	155	39	93	163	54	124	183	64	137	162	51	115	60	41	52	106	144	117	199	81	94	179	119	48	4	97	153	195	113	189	168	50	89	166	170	177	127	8	134	193	32	142	197	141	87	96	157	167	135	78	198	0	123	62	149	55	21	38	11	121	122	150	118	45	165	120	196	132	169	171	161	7	136	35	107	70	22	109	27	151	182	116	59	103	34	33	15	110	29	188	79	46	176	129
