id:	0
genes:	723	403	353	1110	1599	1969	1896	1893	1524	109	987	871	1080	1301	1045	929	31	1475	474	1441	1520	1523	1706	1752	655	180	1991	418	912	1918	911	1479	475	408	254	956	1998	1951	1004	569	1803	319	1478	1580	49	854	1954	381	1258	184	1382	1705	810	61	602	1011	1790	1707	332	412	494	1555	1118	1129	1815	1105	1660	1994	1226	818	719	1989	1283	127	1928	937	1286	1693	1542	1729	131	1123	1899	1138	981	813	1751	104	668	793	144	1304	930	1662	734	1218	1251	562	1012	1393
samples:	93	149	169	197	143	112	171	63	104	137
id:	1
genes:	1516	1302	1612	236	773	764	716	597	19	1195	881	103	738	1992	959	1416	623	1027	762	491	1037	1578	1068	1519	1462	1930	1052	1335	590	1250	82	364	1996	977	486	756	1745	1361	1783	266	861	1442	828	1512	947	1239	860	1509	610	1167	29	968	1422	1483	1760	123	537	185	698	835	1260	6	1497	149	834	424	1421	1387	598	125	1158	1263	1205	269	65	467	1763	401	1759	137	1019	1154	1592	1399	1937	163	697	1270	1922	1477	886	1415	270	1575	282	837	12	1278	902	1225
samples:	18	80	136	149	56	178	144	184	44	172
id:	2
genes:	1591	742	780	1255	565	1211	1429	1151	496	27	16	1564	580	399	1241	1817	229	1819	744	1166	1185	273	1440	905	1498	258	277	760	652	291	1363	392	670	1678	1527	1871	980	1850	1696	898	704	323	1244	466	1988	1373	850	243	1425	1050	1929	781	1171	1394	1064	1749	1577	280	1740	492	1888	1515	1117	1104	1489	1848	939	1773	934	1312	614	471	1010	1802	1409	1268	745	201	748	72	1330	1638	1686	1864	521	1791	927	355	1902	168	1618	1170	1116	656	938	182	1217	920	1342	1953
samples:	62	138	75	86	146	38	67	193	10	199
id:	3
genes:	1248	1256	768	906	1081	1386	154	1541	794	1610	449	1732	420	312	1623	1525	447	263	766	1982	944	469	763	609	1471	1460	261	446	897	1952	604	1413	951	36	51	339	172	1005	1267	511	699	363	750	654	712	1003	1590	1943	142	791	1831	274	1032	674	1235	1777	967	438	1788	400	1103	503	1979	1563	596	283	1613	1823	855	1934	383	772	344	194	1289	1149	900	1670	417	147	1099	966	1837	1640	473	1041	240	574	713	1727	689	1485	544	1501	17	770	1152	1173	371	1968
samples:	45	20	51	40	30	1	112	23	179	55
id:	4
genes:	1072	1621	1931	864	866	1192	531	1668	883	1832	1504	1053	1115	1459	1417	666	971	1208	5	331	1530	1161	181	1338	539	1122	622	1323	1280	1303	155	318	1895	1468	1253	578	362	737	982	1904	255	444	1317	1279	1805	382	1586	7	239	1174	1499	1585	1316	164	1079	829	1100	58	93	1348	584	199	380	722	1955	1214	832	1737	1804	1340	358	1134	950	1565	1202	936	1874	1259	680	327	1299	313	1514	692	901	1237	1073	188	115	320	211	1191	1305	1554	547	260	695	1384	1840	1713
samples:	107	80	164	145	78	174	119	79	161	94
id:	5
genes:	1196	1734	206	1036	1967	405	992	525	139	300	207	1029	973	1903	688	396	1924	429	876	923	1353	1531	1725	286	1098	431	1795	130	1148	822	620	643	538	1503	231	464	1557	1402	1419	132	1388	335	15	140	394	553	289	1889	430	1735	1655	70	150	1368	1885	534	284	252	1375	838	1683	787	322	545	907	378	186	156	1566	1536	1543	299	806	1453	1847	1822	129	621	1627	478	1776	1573	1009	807	1571	1188	1620	1647	1911	389	1792	385	1677	1345	326	372	1932	707	1427	514
samples:	152	160	167	131	186	155	72	159	193	110
id:	6
genes:	171	1510	774	672	925	1291	370	603	1400	113	843	304	1685	1653	589	1761	637	1753	549	1535	175	1721	1341	805	1362	230	1083	1914	264	456	1007	1113	826	678	157	1223	84	1121	1078	1654	1030	957	1135	1057	1861	287	1204	646	1094	1062	1351	1469	612	681	1582	792	145	112	1063	1142	1533	1624	501	1249	91	387	1295	1227	1309	1867	1993	440	1215	1673	427	1567	121	461	1024	863	1406	1198	79	1999	1581	1839	1319	1546	1684	586	222	1799	601	984	54	1781	1266	642	955	1961
samples:	100	37	46	154	192	71	179	1	185	73
id:	7
genes:	526	631	648	715	174	1959	1111	294	560	78	1187	1277	86	1017	1414	1886	1559	665	210	587	711	1220	490	1108	963	913	460	1919	1379	1257	307	1548	747	245	1615	1236	1091	1000	717	329	1430	102	1679	470	634	1985	330	1247	1231	1676	1556	1424	1892	398	839	1365	1983	926	493	1637	663	888	1538	1496	885	293	448	733	276	1906	972	442	970	1865	500	459	830	215	124	1828	870	1410	278	1695	1088	1120	224	434	1834	1463	1065	439	1962	1408	661	1946	360	1358	1281	74
samples:	132	64	77	196	112	69	153	154	131	45
id:	8
genes:	771	556	513	935	1939	1859	1043	187	1532	1207	1675	1762	1780	932	321	134	1332	567	77	343	1687	1870	1476	872	25	708	1446	202	1163	1495	200	1611	1588	1357	1234	599	506	1006	162	1488	533	1405	1015	1181	1444	1162	416	627	292	928	1883	919	1827	1642	1731	1433	1772	34	1273	512	1193	751	1875	1849	611	1282	1054	1518	192	1199	241	1603	662	997	958	1058	406	1605	1639	1391	820	641	819	488	833	9	994	628	1945	248	1882	379	1048	588	568	11	1290	1327	969	1616
samples:	166	6	99	110	65	144	187	42	66	0
id:	9
genes:	1977	728	47	694	1744	1390	1715	524	1652	1663	251	1609	1454	1887	195	1023	495	845	1674	1140	1743	279	962	391	1836	1112	1825	675	1845	1710	1634	841	1724	1553	1908	1182	1689	1648	1397	1287	943	1665	1451	518	1736	1061	1178	352	110	13	179	727	1077	1957	1109	1856	849	509	1644	616	143	393	106	433	227	324	1315	1398	1907	1806	1697	176	894	788	797	1622	1300	100	1905	1690	630	917	895	685	1395	290	1396	1796	1031	1754	640	1842	1206	724	404	413	81	219	1240	812
samples:	96	58	134	115	140	55	27	175	177	137
