id:	0
genes:	1714	1521	139	889	1466	1076	1311	1499	389	781	1352	550	1842	938	1011	1696	1651	1478	1462	1336	1319	1540	1528	1075	1360	841	1472	473	741	400	1416	1832	1685	1890	83	1202	1335	1029	1350	1249	671	64	396	1376	1721	9	1130	27	1481	606	1153	1094	664	212	804	965	701	1354	1918	410	1717	1004	309	1124	492	829	112	119	1026	1122	74	429	731	631	454	937	1545	1318	513	448	1297	300	559	783	1729	1534	649	547	21	84	302	323	1118	304	1165	199	554	703	405	228
samples:	103	5	21	73	172	113	182	141	163	90	81	171	69	0	137	118	138	39	38	70	85	197	158	45	67	175	174	106	17	180	4	22	126	74	29	130	20	43	101	58	54	28	136	196	144	32	42	173	143	121	147	7	47	127	129	184	27	134	2	30	155	61	46	192	72	68	79	62	128	65	161	108	191	15	183	95	97	187	131	76	37	75	41	60	82	148	133	135	178	86	50	44	120	152	26	188	195	159	156	34
id:	1
genes:	1762	1310	1584	51	1241	186	152	638	1113	1616	1135	1293	506	1411	279	1045	179	1495	880	1028	1776	551	35	72	1268	333	887	1003	898	859	187	504	803	732	1978	997	1697	252	99	329	1052	1575	22	1362	1437	1103	75	1221	582	1600	858	36	1357	1121	105	1161	920	941	1615	1072	1935	1908	122	642	1242	962	1673	650	1194	1655	254	1509	263	1473	595	1460	1111	247	1260	617	831	1537	615	411	393	978	352	18	776	1087	1653	491	702	310	1825	1061	1267	1749	1548	337
samples:	179	149	31	37	50	23	75	59	76	141	58	91	182	60	185	166	110	94	113	96	74	139	102	184	114	124	77	34	172	51	18	27	131	157	56	67	118	36	188	33	171	119	147	167	49	152	121	186	87	156	199	120	127	15	134	79	47	93	180	70	194	178	55	89	65	159	136	85	6	116	80	174	9	14	143	8	104	135	189	44	146	123	151	148	82	128	45	81	165	144	190	125	83	191	173	187	42	10	153	5
id:	2
genes:	296	197	194	772	1225	1652	1555	865	585	663	1123	668	1247	1423	1739	1273	1089	923	538	834	627	1143	242	674	332	1896	953	740	1599	436	1672	1025	596	245	1850	1145	1590	78	307	1675	890	1803	1746	1926	907	1007	1517	341	1556	1730	1322	1941	387	271	340	1547	1214	1596	1676	848	1692	160	90	1498	243	287	10	566	1691	150	34	1858	692	670	250	1389	1720	1606	656	1271	1433	1957	1660	104	1690	1264	1982	1561	1054	777	1712	322	886	940	737	1742	274	1343	1236	98
samples:	29	101	198	26	197	135	182	3	174	58	32	172	199	124	66	47	100	170	110	62	60	31	6	144	106	136	35	117	50	39	46	184	83	115	91	12	55	15	146	16	175	164	63	70	44	181	140	149	134	96	150	178	169	38	57	190	158	7	14	36	40	86	82	79	85	53	118	154	179	87	20	108	73	191	129	17	183	180	18	151	171	166	137	138	119	125	48	193	67	34	88	94	107	8	187	157	1	139	104	121
id:	3
genes:	746	1719	826	371	654	220	1395	986	518	1640	927	373	198	602	1634	1636	885	1889	900	327	69	568	1736	1288	1418	812	1871	976	936	229	1928	719	1992	1940	1702	926	1484	1303	1016	939	1415	1752	1407	520	1022	1342	226	1432	1785	1777	1953	705	1539	1329	1150	1951	561	1919	933	1390	52	1021	1169	1999	625	855	8	116	838	1218	238	968	262	1642	1646	138	975	819	171	1141	386	130	353	929	1388	438	825	203	236	1866	1626	822	466	1614	1148	1178	996	1195	1231	1554
samples:	185	60	111	130	136	199	99	42	48	10	36	75	108	58	55	184	88	47	169	85	129	107	109	127	71	151	179	77	193	80	194	50	7	190	195	182	15	61	29	26	140	110	178	100	154	23	101	12	145	175	21	81	41	165	147	45	1	59	91	162	134	166	65	126	155	74	89	97	120	67	121	6	137	164	156	117	148	78	150	84	93	158	139	138	132	181	57	98	5	157	192	63	102	187	128	189	2	70	8	24
id:	4
genes:	1290	1975	401	460	102	1607	1014	1792	49	336	1786	679	241	1794	620	1263	912	94	921	698	143	452	685	1939	1588	675	365	490	283	43	414	1239	1001	1735	678	100	58	125	517	1413	1038	1127	1050	230	902	560	357	736	88	291	1259	1949	1349	1671	343	1027	943	1925	1936	1274	87	516	725	1397	1934	835	897	1320	1705	267	1576	563	484	852	1182	1783	963	110	1099	1080	1973	1582	1344	399	816	884	293	1399	153	1898	23	233	1843	1100	738	1414	1602	752	1454	1071
samples:	110	138	58	109	135	57	2	179	3	61	173	32	31	111	40	73	64	68	168	158	7	8	132	76	174	113	159	63	59	90	97	122	151	45	147	86	10	28	170	105	188	27	56	103	185	11	104	74	107	72	70	194	94	12	199	196	127	79	77	167	62	137	46	34	38	184	37	112	162	16	136	118	148	55	134	47	142	126	39	85	33	169	81	191	43	23	18	75	96	6	44	117	187	160	36	198	192	5	166	108
id:	5
genes:	1240	1828	50	141	1429	1228	519	181	255	59	744	911	1945	1531	984	536	1639	338	1132	70	851	1706	1210	1693	418	1756	259	860	1446	328	893	954	1496	1307	1899	751	1988	787	1110	1888	32	231	1632	648	474	1611	496	1571	172	1553	1819	983	256	446	684	853	1193	1578	253	71	1530	724	1106	1809	1044	314	511	192	42	1964	1991	1398	824	118	1827	571	169	481	48	1379	1567	1581	1142	1524	318	1183	1784	468	1107	1401	833	640	1137	1562	1526	1347	246	1960	425	239
samples:	70	159	61	87	192	98	34	58	105	106	56	6	171	13	1	75	4	168	116	164	107	12	176	39	141	95	112	81	195	122	148	47	152	143	163	69	8	7	80	172	128	89	66	127	100	178	0	76	189	110	156	26	33	126	166	175	199	17	3	23	5	31	118	157	9	90	109	123	113	93	57	96	59	114	140	191	14	182	92	102	52	40	82	161	146	86	67	48	28	83	35	77	169	22	145	32	99	183	65	49
id:	6
genes:	1368	548	1560	215	1115	381	166	1709	1157	1882	1383	439	503	11	1181	1155	1285	1223	1295	769	1046	145	1907	412	416	870	525	690	1541	1471	395	269	821	1060	1962	1171	634	1384	1133	878	591	1914	904	369	599	319	683	1451	780	1519	1801	1764	1163	1648	672	441	1406	1012	1215	1518	644	715	573	1306	623	1269	1618	722	699	818	144	1913	862	488	580	932	133	1754	453	814	1419	30	115	919	791	931	1482	866	827	767	1294	1327	1595	509	588	1323	103	1686	1795	378
samples:	176	87	60	94	27	115	66	45	85	177	17	19	114	197	15	36	32	147	102	187	4	122	125	54	180	63	88	106	18	152	188	173	175	136	171	1	185	121	30	40	146	0	169	186	47	181	14	143	92	49	43	178	149	16	52	61	7	71	151	116	117	161	83	96	91	145	127	90	184	48	24	44	39	111	77	153	21	46	58	35	159	6	196	138	93	142	51	166	25	79	69	100	107	11	134	72	105	67	81	132
id:	7
genes:	925	896	1700	205	1670	37	1002	1348	1993	966	55	1073	1734	1757	1296	173	689	842	1942	1845	575	1206	1257	1512	1117	339	1233	1892	1030	1772	406	688	2	796	1986	1638	1967	1906	556	495	837	673	1299	121	569	1996	1865	1593	1704	1154	1773	645	1309	507	1905	974	1835	1664	1284	1403	794	1643	31	589	1059	601	1371	529	1985	1574	1487	167	20	1151	773	1424	351	1488	1180	717	1037	1172	1816	619	331	344	462	1394	1659	384	427	793	1282	1922	1805	1435	1192	1511	1229	209
samples:	63	101	142	30	108	115	83	99	174	38	128	74	43	173	98	126	77	54	92	154	19	76	149	71	180	120	167	107	102	33	84	122	150	175	146	34	24	123	35	113	56	147	64	130	160	40	55	127	97	144	21	157	65	148	3	163	112	129	15	82	182	78	26	110	1	190	95	94	141	93	4	80	29	158	136	22	140	111	31	14	73	2	188	155	49	132	106	62	172	118	23	88	53	179	8	12	151	86	109	36
id:	8
genes:	795	303	521	1813	1641	1666	183	289	993	739	15	1421	363	1219	1751	1814	1019	1321	1807	1920	908	465	471	1425	1972	1238	1833	1203	1152	1455	1053	398	383	1965	541	348	237	1577	276	217	624	1363	65	40	77	949	549	82	545	1179	832	282	1461	553	1277	189	1315	1444	1366	1302	1900	170	444	450	970	1207	184	1119	1698	1681	1428	1187	1477	39	320	609	156	44	522	1763	1603	597	1114	1475	1134	1205	177	1824	990	486	1505	1797	1222	729	364	1694	1954	1522	67	651
samples:	25	12	13	160	126	23	170	187	107	4	168	39	51	133	68	113	9	137	78	89	48	162	22	67	1	178	129	159	58	141	165	73	186	152	197	20	18	155	132	173	2	29	90	79	27	42	37	59	193	94	56	169	87	63	105	53	38	104	151	149	65	91	198	19	34	93	26	8	40	80	145	138	175	182	100	24	101	10	3	172	75	44	125	189	106	174	143	114	96	134	142	50	115	144	191	97	161	127	163	17
id:	9
genes:	1971	1830	1489	285	1325	1931	1139	807	1820	590	1948	1159	433	500	1959	800	1351	888	537	1226	1116	607	1587	163	157	514	1209	161	1943	81	1074	1579	643	3	756	127	655	916	1663	718	1766	720	526	1806	867	248	350	823	1084	1979	1844	185	1079	1558	1500	1372	290	5	1738	376	1370	1065	1796	472	528	735	944	1586	326	524	1380	682	204	221	476	1583	1994	1826	469	1624	653	1808	1081	1175	1771	1138	875	1880	952	1848	951	57	909	600	1870	727	1798	531	305	489
samples:	101	137	102	61	133	160	175	91	129	192	118	142	198	77	50	100	153	86	122	136	114	64	42	70	79	95	112	74	178	38	4	138	72	144	170	154	14	158	121	35	171	3	44	194	11	21	134	116	98	15	191	119	10	34	67	103	85	110	33	25	117	149	7	20	8	132	94	187	1	82	93	199	63	43	105	124	96	173	148	90	18	39	60	48	88	145	141	104	55	16	36	155	13	107	164	2	176	135	168	5
