id:	0
genes:	1521	1117	1198	1124	313	1785	1478	1833	341	1461
samples:	135	141	191	101	130	174	123	128	94	149	171	96	81	195	56	105	3	44	18	168	82	80	26	154	186	52	124	97	112	170	42	79	38	69	148	122	83	85	62	66	65	86	106	20	132	78	93	109	159	30
id:	1
genes:	179	90	684	1024	146	294	786	356	1458	1997
samples:	174	90	4	14	2	92	159	109	144	146	114	106	21	98	145	139	120	67	136	128	110	179	26	97	152	162	165	101	111	42	62	184	3	60	13	137	115	191	45	178	5	196	147	182	28	135	77	127	64	15
id:	2
genes:	1294	253	646	849	1357	473	547	1670	1724	1081
samples:	83	128	9	98	82	111	108	199	41	144	131	24	27	8	148	120	156	122	154	171	160	187	79	198	36	197	18	69	74	25	116	56	88	136	32	101	157	134	177	38	84	52	100	125	190	95	174	162	96	60
id:	3
genes:	1008	1068	1554	1862	352	1790	1939	1721	353	1114
samples:	185	71	21	32	137	163	143	22	13	75	168	31	147	112	52	9	73	106	156	192	55	198	86	103	23	62	122	1	14	90	41	54	154	95	40	74	155	88	81	15	160	190	104	72	84	35	5	3	25	27
id:	4
genes:	768	1846	1492	1910	924	160	256	1546	295	545
samples:	27	28	86	119	153	156	63	110	150	11	68	60	45	105	190	83	75	38	19	132	161	111	74	26	168	94	145	10	61	133	180	188	166	1	92	151	146	6	176	24	81	46	25	135	37	7	198	50	108	33
id:	5
genes:	1811	1539	830	577	134	1698	25	173	904	73
samples:	175	21	149	195	50	37	193	121	18	33	118	199	39	108	120	130	41	134	177	161	179	95	148	196	63	51	154	52	77	104	14	1	55	164	94	136	152	137	190	30	109	86	35	78	24	23	85	197	48	192
id:	6
genes:	1335	829	558	129	1289	477	565	28	735	292
samples:	56	63	158	154	176	50	36	34	73	89	169	134	48	181	164	49	23	174	140	12	110	102	122	79	144	107	166	14	109	32	106	68	31	131	185	149	25	152	182	180	57	20	104	60	172	167	111	46	88	55
id:	7
genes:	1871	1146	248	89	1005	1795	1481	1191	9	136
samples:	7	132	103	156	39	16	180	139	55	87	47	34	163	40	134	56	32	59	26	75	107	152	158	94	21	123	164	78	109	80	133	44	145	197	95	127	128	112	122	167	51	6	146	98	64	121	159	17	62	86
id:	8
genes:	921	668	943	207	1346	928	1401	1814	1911	242
samples:	113	196	90	19	106	58	139	162	168	111	169	15	138	194	35	193	129	23	39	24	74	71	134	76	192	145	16	146	154	160	117	81	25	70	114	119	32	185	172	110	171	118	3	131	49	137	150	30	120	26
id:	9
genes:	323	744	1958	874	1848	1286	805	589	1201	101
samples:	117	32	28	79	154	136	114	108	147	135	185	81	115	122	133	191	171	67	124	116	60	113	110	95	36	14	138	86	178	109	131	151	63	100	141	29	126	21	158	161	0	82	195	78	26	12	167	1	54	33
