id:	0
genes:	1043	1672	672	1125	1336	273	763	869	425	310
samples:	183	52	182	156	108	170	104	32	68	51	96	160	71	152	36	128	181	175	123	143
id:	1
genes:	794	22	1041	1808	682	916	1917	313	1796	643
samples:	41	186	40	122	93	199	147	125	128	58	87	111	107	184	35	24	139	67	31	56
id:	2
genes:	163	1667	1216	103	1791	510	842	1878	1802	246
samples:	146	133	91	174	17	173	114	37	152	138	16	77	93	172	27	125	13	47	131	63
id:	3
genes:	1815	1052	1555	207	404	409	140	277	105	1531
samples:	68	48	65	25	131	64	85	115	35	171	123	60	78	168	138	67	167	88	14	157
id:	4
genes:	961	1049	1897	1330	104	1322	624	1976	204	139
samples:	68	61	34	56	115	191	172	50	77	166	9	78	155	22	179	25	189	20	24	96
id:	5
genes:	836	1826	974	824	1780	1986	817	127	269	1693
samples:	45	42	120	154	177	157	8	40	82	185	125	83	108	109	129	175	174	27	143	173
id:	6
genes:	1658	1946	830	463	562	1512	270	580	1652	937
samples:	87	70	164	192	79	104	123	166	44	190	198	131	142	168	12	124	127	4	83	115
id:	7
genes:	640	649	1886	187	1452	1606	556	1180	1370	167
samples:	27	76	186	99	21	87	194	14	68	172	139	82	12	25	73	22	9	19	183	152
id:	8
genes:	665	727	533	1286	897	1923	300	1506	1864	1357
samples:	49	145	92	76	34	196	30	134	26	115	90	191	70	27	65	139	136	32	150	81
id:	9
genes:	1521	72	1848	936	1748	122	542	1629	735	804
samples:	73	127	64	117	67	17	33	21	50	15	19	76	196	88	92	6	59	131	174	190
