id:	0
genes:	1308	1104	1493	1679	1327	1068	760	1926	1268	514	1530	1995	673	1259	58	313	1660	636	1521	1693	548	689	183	1915	1487	1222	1102	1648	1724	1514	1726	669	180	1010	449	1767	517	1507	1978	909	1893	213	1770	1737	1042	862	203	1326	1432	1476
samples:	176	169	191	134	89	93	69	158	115	29
id:	1
genes:	803	1606	1870	1984	1820	201	1357	43	1109	983	863	407	1790	1045	1974	1925	324	472	942	1899	191	600	258	480	1561	1169	799	752	156	227	682	1863	57	877	62	474	1224	1116	1940	1079	1907	839	179	433	919	1772	703	860	1422	1831
samples:	128	37	72	69	36	95	8	143	44	118
id:	2
genes:	1691	1665	223	270	1804	1302	714	1336	1090	1483	452	1297	236	1404	386	1470	1346	728	829	232	1220	1610	645	1644	1403	1284	1146	1839	922	717	617	1929	1366	1396	1590	314	419	1877	352	297	1718	1216	1162	616	997	903	1279	817	1595	125
samples:	194	23	143	161	96	165	169	120	160	36
id:	3
genes:	1184	1479	958	1437	337	414	87	1906	1733	940	284	438	7	434	216	950	925	589	876	1498	684	1614	5	158	838	1383	1553	505	610	1662	1448	1744	219	1554	1841	1576	1943	64	399	1241	1783	1329	1717	148	1973	722	1438	381	1316	883
samples:	25	76	124	12	16	112	166	52	35	115
id:	4
genes:	583	294	1469	1550	1791	31	846	745	1932	1271	504	1293	1208	1150	1666	1988	1832	1819	1097	885	1108	1060	1369	559	551	1176	1698	835	1291	1617	1250	1002	365	640	1626	141	544	454	1696	78	710	647	1429	1039	194	470	1413	662	847	1361
samples:	153	108	173	4	78	175	194	146	190	179
id:	5
genes:	1495	77	1242	1713	1933	620	1214	450	1618	1743	112	518	491	1756	1818	275	1408	1918	1567	1094	698	1628	715	661	1253	1485	1410	1505	255	537	990	443	725	1129	217	101	1436	1456	1661	193	1405	301	639	929	1261	115	479	1154	280	144
samples:	101	187	174	134	185	47	92	46	37	160
id:	6
genes:	1281	1477	1111	1632	868	769	966	202	912	1952	1266	1054	494	436	308	637	1240	128	1944	513	1676	1569	6	918	556	1040	1260	1264	1548	794	1110	1207	821	1230	747	1873	510	350	1439	631	489	1897	122	224	1805	482	1562	787	387	136
samples:	95	102	74	103	146	49	193	91	73	40
id:	7
genes:	1069	265	312	1460	1999	1375	1164	1834	139	1037	1671	1638	1138	477	721	1857	627	473	741	1091	634	15	1182	657	1459	626	1608	1506	84	1917	1245	42	1273	432	1861	1100	1584	808	1833	129	159	652	1615	1712	797	867	1643	1776	1619	1797
samples:	145	94	125	56	143	39	105	148	47	196
id:	8
genes:	63	754	603	532	1186	1233	1431	1706	424	1874	237	1987	1185	1179	1206	827	1888	475	793	677	1314	857	1127	1759	1152	1290	890	1669	80	1203	190	1745	995	1922	805	49	442	1474	1683	1433	1601	86	944	1941	121	648	1249	1891	709	212
samples:	103	3	139	44	128	110	53	142	58	16
id:	9
genes:	1769	1954	1796	786	624	584	596	858	1365	1814	431	818	1239	1213	1269	27	1073	1827	123	1537	1447	1323	1883	1373	894	1586	428	668	1454	1135	886	991	456	145	905	239	1200	228	79	1123	1919	1444	321	586	1803	588	911	761	598	934
samples:	66	8	199	18	113	145	124	57	189	6
