id:	0
genes:	1492	216	1991	203	1663
samples:	3	150	106	185	7	50	149	140	136	45	58	114	195	186	61	91	63	59	83	6
id:	1
genes:	232	1256	396	1626	364
samples:	186	171	110	147	192	19	152	76	86	22	174	131	151	129	175	157	0	11	136	98
id:	2
genes:	793	302	612	121	957
samples:	0	195	64	12	151	114	83	156	116	105	126	23	59	52	47	40	71	30	102	148
id:	3
genes:	1808	473	1040	1646	1671
samples:	9	21	179	60	41	1	65	76	160	45	67	54	40	33	191	100	168	126	141	89
id:	4
genes:	1317	1837	214	1607	1765
samples:	66	129	0	161	63	49	187	183	113	35	10	140	167	123	55	193	90	198	33	14
id:	5
genes:	722	914	73	1383	1992
samples:	55	34	49	88	40	33	187	64	115	163	147	58	76	130	169	0	123	150	35	83
id:	6
genes:	1159	823	1551	568	1771
samples:	49	92	70	50	189	106	75	29	122	166	84	105	152	116	178	6	167	52	112	143
id:	7
genes:	1344	634	244	1564	1002
samples:	67	179	127	142	3	56	155	144	178	2	197	147	101	92	159	165	26	168	138	62
id:	8
genes:	772	918	874	1250	1809
samples:	61	127	114	143	22	132	158	23	111	115	93	65	162	121	96	28	165	30	123	155
id:	9
genes:	543	298	1437	907	880
samples:	146	81	1	94	199	55	74	192	22	27	102	89	31	140	49	167	39	172	20	68
