id:	0
genes:	505	775	181	1136	638	610	1879	974	654	1872	1388	1274	105	624	1961	1726	398	327	861	781
samples:	92	65	101	35	1	128	23	179	172	11	7	183	42	30	66	182	131	190	111	100	186	36	4	135	14	76	79	39	57	41	82	199	38	144	173	162	112	148	68	34	180	72	124	15	56	134	114	62	5	61
id:	1
genes:	1847	1288	45	101	1592	1940	1528	1416	1173	1483	925	1740	445	1864	306	531	1761	1021	83	691
samples:	124	13	70	157	126	7	175	38	107	42	135	183	114	173	34	69	48	178	15	155	1	57	84	0	189	118	133	166	147	60	96	76	129	120	19	150	47	106	116	141	95	98	104	161	154	136	32	73	160	16
id:	2
genes:	989	1785	1139	148	385	389	1633	637	965	1289	1818	1473	1886	511	670	1607	626	1981	331	1949
samples:	108	80	61	174	51	150	20	95	90	22	189	135	57	162	37	96	169	97	87	26	66	79	14	18	148	147	116	114	12	83	119	62	112	98	195	126	2	166	72	186	11	130	113	71	110	179	127	69	102	178
id:	3
genes:	391	1399	758	1058	1446	302	627	1319	1571	1927	1427	1193	536	649	372	1867	212	570	153	663
samples:	67	120	91	115	99	41	73	31	190	95	183	128	146	147	187	71	139	151	152	137	2	76	3	54	193	20	157	189	89	130	119	117	176	169	195	103	104	135	86	148	188	182	93	15	32	112	83	168	60	61
id:	4
genes:	1685	303	1697	1291	883	272	1376	1302	1906	1562	1875	613	1892	525	1733	645	548	764	4	931
samples:	148	80	90	193	51	22	183	143	105	123	140	75	45	149	167	46	56	37	121	145	40	52	106	179	35	57	69	99	63	165	6	39	155	11	43	95	41	126	78	98	192	114	38	138	30	71	1	65	28	31
id:	5
genes:	836	1103	134	1748	371	1856	1090	307	1531	1620	800	1572	839	227	1310	1574	58	1589	1239	1935
samples:	195	130	161	145	141	1	182	42	52	23	155	134	163	27	12	154	114	38	188	7	9	102	126	162	173	48	131	91	148	164	70	81	189	8	146	152	17	69	77	51	83	174	31	35	58	98	87	68	100	32
id:	6
genes:	1759	1732	1350	1360	1658	491	984	52	55	1517	1013	466	656	1608	1594	44	1043	1676	1164	1037
samples:	148	41	182	167	123	101	72	166	4	141	98	110	199	120	5	39	20	193	87	107	99	51	84	26	12	121	178	161	91	63	90	150	81	6	126	33	197	31	149	57	102	50	127	74	71	174	10	139	130	157
id:	7
genes:	1402	1777	423	709	1008	288	1712	518	705	343	1871	471	235	1187	760	1569	886	1231	773	863
samples:	62	84	104	119	45	73	16	194	126	20	188	0	22	54	156	7	118	158	115	144	142	95	74	164	152	9	154	97	49	159	186	29	168	51	139	35	178	28	113	50	167	155	5	11	193	183	38	114	149	26
id:	8
genes:	1736	1249	159	1227	355	219	1624	1195	251	806	889	64	261	1082	612	1922	1176	237	1868	528
samples:	2	48	78	148	40	109	79	122	180	71	96	105	86	198	44	85	41	65	49	51	12	52	5	56	193	199	100	11	190	35	192	42	176	4	154	74	28	92	61	184	22	21	172	67	111	18	145	186	130	31
id:	9
genes:	110	910	904	1051	1141	1246	1803	1218	503	1349	1744	632	1731	1976	1898	1671	605	1151	80	1099
samples:	103	44	16	18	40	119	168	123	59	63	42	1	162	11	195	139	53	86	176	12	26	108	105	38	143	56	128	37	73	178	110	27	2	64	4	3	21	182	141	127	171	78	150	106	15	28	25	172	33	54
