id:	0
genes:	1136	750	1203	1416	1238	377	1108	542	1774	665
samples:	167	74	31	163	90	147	18	106	64	169	23	81	182	48	22	91	195	198	175	62	193	115	173	122	188	139	3	78	160	21	34	178	162	109	171	37	132	67	170	189	153	96	92	44	85	98	100	40	155	8	159	194	164	174	68	55	43	145	63	33	87	29	196	84	181	49	136	177	65	70	86	61	133	151	114	19	6	134	123	108	59	126	38	168	10	27	135	103	75	184	125	197	0	50	117	187	26	152	183	116
id:	1
genes:	1012	1000	1377	1786	215	882	662	1174	217	1989
samples:	171	77	175	166	130	197	115	194	145	86	23	0	92	49	196	176	187	72	63	39	181	96	31	180	98	103	189	2	127	4	46	69	13	22	137	62	185	158	195	53	160	67	43	1	32	37	78	71	20	140	179	40	18	136	159	133	95	61	94	25	30	80	91	97	5	89	162	7	139	182	107	74	11	21	66	83	47	68	191	100	113	193	120	27	44	157	111	58	129	188	109	14	73	121	42	178	104	75	124	148
id:	2
genes:	829	749	1740	692	1120	1040	492	1472	124	1828
samples:	152	169	174	104	125	23	141	177	118	79	164	28	191	121	88	137	182	171	39	6	17	136	64	127	117	53	15	21	139	72	83	30	45	46	115	32	142	163	110	155	189	173	109	18	56	67	44	195	58	51	140	3	167	122	42	1	106	116	70	197	126	179	188	175	151	24	33	50	93	186	190	132	59	78	133	100	61	69	160	183	43	91	98	138	4	105	162	90	156	99	149	185	148	103	87	48	8	165	172	147
id:	3
genes:	1306	537	99	1024	1402	1461	1620	896	1256	691
samples:	178	108	94	9	64	82	1	141	163	19	196	84	133	158	105	197	116	183	24	42	69	110	99	17	100	132	118	150	149	26	35	182	36	152	13	73	46	184	113	164	185	154	6	47	12	81	30	121	55	106	20	75	45	52	80	181	160	191	72	62	134	87	129	66	131	58	15	172	111	40	140	109	179	95	65	187	96	57	56	77	177	39	151	120	143	176	51	54	85	61	128	145	88	97	161	136	165	34	41	2
id:	4
genes:	1044	1719	247	883	1552	1316	797	710	1704	143
samples:	31	174	22	168	116	167	172	169	20	135	180	17	120	156	52	54	72	108	155	125	98	50	68	34	132	122	162	3	1	146	82	99	197	175	190	194	92	10	41	195	27	134	130	112	18	170	16	161	150	121	66	124	196	45	30	158	11	119	0	110	95	157	62	49	29	163	181	154	106	136	179	61	23	165	36	13	105	189	140	47	37	58	115	139	176	38	123	198	118	171	188	111	103	79	113	76	4	187	75	86
id:	5
genes:	729	33	806	327	521	1803	533	868	144	1463
samples:	193	162	107	37	41	129	81	163	47	62	111	134	66	14	49	196	9	3	98	38	120	181	128	20	191	127	34	87	94	39	32	74	199	72	148	110	21	6	85	109	176	169	82	96	83	121	64	10	101	184	189	143	161	52	117	197	123	57	45	26	126	92	61	27	133	170	187	103	86	4	108	168	165	88	1	119	76	63	8	195	146	104	173	192	95	29	137	116	7	84	156	5	118	67	59	115	130	73	48	151
id:	6
genes:	365	1597	1308	436	382	558	1991	510	530	1896
samples:	71	141	150	0	143	48	161	115	157	171	28	40	106	17	98	160	194	132	69	198	70	2	181	87	19	83	105	140	77	52	104	36	188	145	50	15	80	191	64	175	100	185	21	176	177	125	149	199	163	45	16	7	23	39	131	97	46	196	164	110	37	187	158	147	179	95	130	61	170	22	139	33	57	148	173	30	103	72	193	180	182	85	152	44	195	144	65	66	169	5	118	18	174	35	34	107	151	162	113	114
id:	7
genes:	1224	741	230	1984	1881	1129	1364	1897	877	1327
samples:	55	174	169	12	132	120	102	167	124	177	3	171	64	143	40	93	30	191	164	158	100	58	128	1	133	185	22	118	17	18	50	151	123	83	199	36	182	44	73	96	20	86	80	15	69	95	141	53	166	195	19	115	7	88	190	104	105	157	5	126	145	92	34	156	142	57	46	61	146	152	137	9	127	6	27	112	106	39	194	59	153	109	75	70	138	4	41	193	38	16	66	87	77	98	63	197	48	84	101	129
id:	8
genes:	1317	1694	439	1753	286	1199	383	1089	318	979
samples:	197	95	34	20	77	105	121	118	109	81	178	180	114	96	64	138	63	50	33	183	45	182	168	190	181	139	126	92	28	153	71	61	56	15	111	113	175	117	10	75	49	97	112	125	98	40	52	46	186	144	119	141	156	164	101	57	143	195	184	107	122	65	104	163	80	23	72	159	102	5	140	185	152	134	142	147	108	21	9	189	60	170	43	194	148	48	123	155	137	0	160	24	93	84	188	58	18	8	136	100
id:	9
genes:	1898	1353	970	1975	1484	1424	798	1536	1966	1865
samples:	156	11	50	177	137	32	192	107	6	184	124	16	36	83	4	25	79	118	80	148	34	146	167	27	159	154	14	109	31	96	19	189	93	170	180	2	198	49	194	142	197	90	23	112	62	134	22	88	41	150	20	67	65	160	151	56	3	68	42	46	117	158	182	136	17	122	97	77	133	188	1	39	5	176	162	45	35	145	172	73	37	116	129	165	91	76	195	82	92	155	168	33	58	110	44	0	66	102	193	105
