id:	0
genes:	1669	1	1008	626	283	1085	1833	1035	925	895	1168	1111	1224	1051	273	238	1698	607	1434	787	367	1983	759	1426	982	1284	1459	1454	1003	1194	1927	746	528	1116	342	32	1310	1137	1063	1518	1218	400	398	692	297	878	602	1410	1144	987
samples:	113	140	33	34	115	188	146	47	199	65	187	69	158	121	195	135	84	56	15	128
id:	1
genes:	831	1775	475	603	557	970	1926	448	1963	1240	1163	1912	594	53	1353	429	1015	1308	1972	159	1930	1782	166	675	295	843	173	1602	501	1465	711	363	506	401	551	1566	4	1634	671	1979	1222	1149	24	1182	1068	1187	414	1423	1821	194
samples:	34	185	78	135	95	156	115	159	102	111	180	137	28	108	144	110	42	24	7	31
id:	2
genes:	1412	218	814	1750	1589	425	382	766	637	1502	1470	1703	419	738	1298	59	1684	1935	243	108	947	352	1541	1943	1360	1992	680	10	1103	719	1923	314	438	1014	825	1697	1630	923	23	1424	924	1040	1975	187	1039	1363	217	1254	80	635
samples:	64	127	61	194	152	42	161	36	91	97	126	87	148	5	35	188	112	65	116	58
id:	3
genes:	1991	712	1544	39	1094	1297	1385	322	1330	79	486	703	285	964	195	770	1439	249	318	760	1865	255	1047	1848	1834	1247	1148	87	579	182	992	1670	1391	235	1417	813	1918	614	1108	1568	523	300	1869	1706	312	959	1642	1554	1572	592
samples:	192	50	187	71	153	128	122	145	94	161	24	105	197	84	156	36	83	60	158	7
id:	4
genes:	1160	881	1877	775	1181	490	722	1725	326	587	1526	716	137	304	1366	718	582	11	253	17	1393	197	1726	883	701	755	1758	1296	1608	1377	495	379	667	230	1686	1084	1091	1612	817	181	377	1002	811	64	1099	288	1787	1826	922	1704
samples:	6	118	22	158	114	47	170	150	63	98	115	157	199	179	31	36	180	19	75	89
id:	5
genes:	228	1802	639	185	541	845	1871	503	1604	1528	1622	113	819	585	1910	662	168	781	1772	82	1944	1620	281	1455	33	1788	1333	661	177	989	693	1028	456	1832	1453	683	186	1624	998	1228	180	855	20	725	1774	568	445	1574	1112	893
samples:	135	67	175	120	13	105	27	15	43	124	156	180	46	31	59	146	183	162	139	92
id:	6
genes:	1498	1169	870	1523	248	1172	1945	428	940	341	1225	27	212	193	345	1734	1617	1332	935	446	1946	1129	880	346	103	146	56	1257	1967	499	461	317	1860	728	75	1023	1104	430	221	22	1474	908	1955	598	1827	500	644	275	1970	1891
samples:	22	78	148	184	112	25	122	132	88	0	160	181	73	177	38	125	192	43	180	32
id:	7
genes:	684	359	1337	1898	631	1978	954	997	1343	1921	1839	1530	1852	1384	1362	358	1151	1756	1397	1934	1768	1336	270	705	1212	1234	213	1761	1285	1211	730	436	1188	1709	74	1038	1911	299	1571	384	1679	316	1443	1503	791	529	1902	1993	1635	1317
samples:	54	162	99	12	55	120	124	16	195	110	158	175	148	48	171	128	56	187	116	145
id:	8
genes:	1193	1534	1491	1603	1430	1329	1013	538	1352	1658	1962	1207	966	889	81	513	926	747	1057	104	796	1388	38	1982	246	1029	977	979	946	278	793	1428	106	1069	745	1497	1488	1919	575	1445	753	1997	1037	1290	1915	1748	267	276	1856	1204
samples:	72	64	51	178	153	127	93	77	91	1	117	114	36	162	129	171	46	2	34	186
id:	9
genes:	453	574	1867	1825	713	1749	468	105	1339	540	773	1969	376	754	1282	1217	737	86	1471	1676	1464	1294	1061	26	1472	174	294	511	1694	1487	474	1077	1256	1147	1559	1481	135	1619	21	1773	1140	63	1448	1606	1115	955	271	951	1701	1199
samples:	130	18	137	8	123	36	62	178	180	66	189	176	154	158	141	13	165	136	10	34
