id:	0
genes:	849	534	605	769	1890
samples:	92	182	29	48	67	97	9	127	195	42
id:	1
genes:	1347	1811	60	1570	1223
samples:	54	152	89	159	197	180	174	49	59	164
id:	2
genes:	1148	1821	1076	510	1258
samples:	122	131	96	154	126	4	170	52	86	185
id:	3
genes:	1353	61	1787	1974	1897
samples:	79	137	51	174	195	12	94	36	30	27
id:	4
genes:	1942	836	564	417	1488
samples:	103	74	124	23	187	64	51	162	150	83
id:	5
genes:	903	440	267	981	1620
samples:	12	43	38	2	170	13	17	30	180	117
id:	6
genes:	1562	394	1669	213	1127
samples:	133	76	152	179	116	85	118	197	123	147
id:	7
genes:	1064	770	1938	502	451
samples:	182	70	98	111	5	17	194	93	180	53
id:	8
genes:	1299	182	1029	867	620
samples:	96	158	36	186	5	86	150	168	105	118
id:	9
genes:	1376	602	725	1116	764
samples:	181	180	145	31	78	149	159	48	90	88
