id:	0
genes:	274	170	1155	1750	73
samples:	81	109	161	192	3	106	125	30	188	83	91	138	128	8	113	50	118	6	149	117	137	57	147	94	31	168	76	66	36	124	63	154	51	17	68	79	162	24	184	139	23	74	120	133	196	190	14	69	65	104
id:	1
genes:	1205	118	591	1652	528
samples:	81	54	100	97	157	107	72	195	166	189	1	175	32	78	134	106	7	114	44	121	29	180	93	95	127	112	160	146	123	147	165	136	101	188	186	155	154	79	167	24	55	80	137	69	99	185	176	193	131	183
id:	2
genes:	1739	497	1842	492	531
samples:	40	77	109	196	184	65	28	173	19	44	17	96	35	30	48	192	172	110	3	32	46	160	145	89	131	9	69	83	87	80	50	15	60	86	162	74	37	130	94	153	73	164	169	98	79	127	108	88	193	185
id:	3
genes:	1981	1919	1311	1748	840
samples:	153	102	96	175	139	73	100	49	167	171	113	91	164	46	173	114	129	0	158	172	159	48	148	35	20	67	162	111	88	130	197	62	11	29	108	155	188	146	6	154	40	192	176	194	66	37	199	147	78	196
id:	4
genes:	1331	22	1175	1466	485
samples:	64	94	79	50	134	70	43	100	71	38	186	164	128	199	114	72	181	103	158	132	58	196	156	77	190	26	59	54	73	115	106	169	20	7	69	6	183	184	33	189	182	167	126	171	19	61	24	127	78	47
id:	5
genes:	931	1776	1874	1724	998
samples:	30	86	16	76	121	144	60	88	110	13	61	93	10	153	146	103	91	9	41	48	15	80	29	47	102	190	182	197	72	49	135	148	62	7	40	116	105	151	185	166	37	4	87	82	50	155	45	14	58	70
id:	6
genes:	946	1984	1931	1866	1028
samples:	182	140	75	92	93	80	110	102	78	187	116	127	163	177	129	51	28	188	109	64	73	55	27	145	160	82	121	77	146	87	18	142	199	171	155	11	132	33	60	36	135	58	189	94	133	174	157	43	34	100
id:	7
genes:	988	1655	183	450	906
samples:	91	158	115	113	185	177	67	93	99	152	27	192	51	189	180	62	32	98	11	65	36	147	126	196	20	134	0	47	96	142	129	167	85	188	149	77	198	154	1	92	166	190	122	48	6	88	108	13	143	175
id:	8
genes:	1875	1521	1089	1736	1222
samples:	75	49	21	125	67	191	155	7	98	1	12	127	195	17	52	55	70	164	31	174	79	117	46	23	80	144	121	78	162	139	106	189	90	27	29	135	114	25	15	22	186	6	177	45	149	28	110	72	124	42
id:	9
genes:	716	433	1473	1395	634
samples:	145	48	67	42	20	153	61	160	63	18	107	186	132	88	159	183	173	134	54	96	126	81	73	187	97	12	147	197	53	155	152	8	58	14	37	141	161	24	170	52	137	66	43	59	75	62	189	199	174	29
