id:	0
genes:	1547	1348	152	1217	1659	99	848	793	766	626	460	237	1162	197	1805	1696	142	1331	957	1487	645	902	1410	1109	116	1014	1206	820	786	950	1861	1456	437	1816	977	1554	1910	1406	1817	319	1737	978	1670	1721	67	1173	470	921	345	835	596	1387	1360	445	1158	1201	1189	685	1506	1664	1644	1046	2	1870	1969	578	1136	220	1174	1138	745	1092	791	539	1584	757	790	1457	230	325	1871	1994	1774	462	132	1361	1528	716	1312	323	1689	1401	823	1518	1183	743	271	779	102	1854
samples:	73	0	167	58	22	100	26	27	82	165	46	181	177	168	116	98	62	78	91	191
id:	1
genes:	667	42	1455	953	1798	158	1564	1102	571	679	801	1681	988	1435	866	1992	1929	1010	372	519	71	910	241	280	1899	383	247	1025	1326	1682	1956	122	1913	704	874	128	1997	1265	662	300	1705	563	943	761	1998	1694	1411	156	759	1781	166	1607	1093	1145	263	535	1404	1616	1711	228	477	1979	92	643	1261	378	160	1336	999	1646	491	1096	1132	1111	52	124	316	1494	894	808	1900	1678	1958	1350	154	1612	945	86	1734	1208	1792	139	824	1281	1194	632	644	706	36	1556
samples:	0	51	129	89	70	14	119	93	176	23	120	100	142	194	5	166	52	8	122	148
id:	2
genes:	20	1020	1625	1685	1266	501	1212	1215	1828	1481	1028	1790	1268	1039	1048	1407	1160	1639	147	1946	1354	1063	1765	399	1448	877	993	1091	594	809	200	1355	1917	972	579	1807	1167	859	61	1592	257	408	222	1447	1270	1003	870	1627	934	754	390	1617	1497	1185	1984	157	582	1800	1156	775	931	351	1451	452	1794	1366	336	1999	1057	1680	1579	1035	675	423	684	484	758	940	574	1200	842	1496	1843	768	215	1820	1834	1011	266	264	1920	192	1593	64	291	707	1245	1963	25	226
samples:	130	38	127	95	80	28	193	64	153	151	172	58	179	107	97	44	147	189	112	7
id:	3
genes:	1857	1811	670	1289	804	661	1062	595	1539	1084	889	1051	1876	464	1981	113	81	919	724	1047	668	1540	738	1574	1166	1466	79	283	1849	486	392	141	398	892	315	446	1298	1976	1290	625	1229	1343	1041	70	15	1881	826	898	457	1776	1656	1846	527	47	27	880	509	618	825	568	1728	1325	695	1821	402	1314	1735	281	1786	387	1991	1877	780	1893	845	1426	1023	860	806	259	1661	1480	1291	1359	1193	669	1830	656	224	1928	1919	270	1180	703	80	1688	1937	314	138	557
samples:	157	46	8	145	66	20	7	15	188	135	87	63	103	148	14	57	111	70	74	83
id:	4
genes:	1153	1282	1975	1631	1224	792	1441	1306	1996	1507	207	1719	1777	1101	1618	861	1775	1504	35	736	410	918	1823	337	1400	1301	1267	796	466	985	1071	1423	1402	1286	1114	474	350	1009	210	1601	1356	1148	511	1461	190	115	1587	415	676	1837	39	1797	1080	1757	1026	355	1081	1120	163	772	597	106	1045	1202	1484	172	1541	576	212	1523	1522	1462	1147	1088	955	1097	481	1140	386	1427	1716	1016	179	577	1619	332	691	818	623	1513	1602	857	176	1649	741	658	272	588	1634	167
samples:	170	180	143	31	182	189	10	81	58	160	45	15	73	134	155	157	110	90	69	191
id:	5
genes:	1850	55	118	948	683	1650	425	732	1442	1157	718	1691	404	1168	482	1752	1872	763	1037	1865	837	1548	526	1927	1542	1083	232	320	1901	479	213	797	1762	1075	586	923	1388	1988	302	1597	881	1889	1511	348	203	1512	1284	939	1150	1479	925	960	649	538	942	651	1575	710	182	1773	1561	1087	547	194	485	1130	846	1006	1768	1847	1551	1209	483	1866	722	23	776	1054	254	1485	1939	1543	275	657	95	1311	100	1537	868	1580	499	561	447	1486	789	180	844	971	687	995
samples:	36	144	122	172	130	57	55	142	15	188	31	52	131	157	95	64	59	169	79	136
id:	6
genes:	1868	413	682	58	680	1852	335	607	1950	1938	1464	1346	1205	238	937	370	30	328	672	533	1568	1890	144	896	211	952	1845	1358	1684	21	396	233	536	542	209	1675	1428	1049	1431	1068	498	619	698	1279	439	488	655	559	1942	843	1802	431	749	1107	1803	121	1501	633	1508	231	975	1437	711	913	1141	900	505	553	366	1276	1983	587	1658	1769	16	1240	374	60	1897	829	1399	605	69	1086	442	569	715	1535	1034	1533	997	817	1978	449	694	170	614	1475	1439	1453
samples:	51	185	38	171	15	65	110	89	101	197	157	194	102	2	115	73	124	81	19	72
id:	7
genes:	239	1371	321	1747	369	1882	1433	1967	624	1827	1713	798	564	84	760	1425	432	1405	756	458	1099	941	936	1362	129	181	318	1119	663	1128	615	1219	117	382	664	1516	1756	1333	729	699	647	1446	856	253	1218	800	1430	1124	1725	1191	956	1755	839	1949	1347	550	1373	1460	1468	1273	1839	195	1338	549	805	631	904	1886	600	1724	1169	418	603	599	1525	781	500	1622	525	1718	1787	1557	1918	1687	1318	1526	40	885	394	1904	1236	1666	601	252	1383	717	1233	1165	1835	545
samples:	54	73	76	171	28	113	35	156	64	62	173	2	44	164	119	74	160	138	55	13
id:	8
genes:	1151	1804	1237	746	1297	1862	1911	1677	648	1614	556	1780	424	120	1197	1127	1638	385	150	816	893	528	834	863	616	77	1243	450	1471	1815	617	373	444	236	1585	310	1563	1175	1019	665	575	296	795	830	303	260	1527	1628	299	1493	1853	869	552	747	1943	1213	1856	1841	1742	1562	1002	1642	105	1576	1302	613	1690	1974	1922	1739	1758	1515	1891	1434	730	879	1159	882	523	688	853	507	1606	628	205	284	218	1964	1187	225	1753	903	292	1042	229	98	947	1181	127	1249
samples:	36	63	11	172	109	98	184	23	112	105	158	91	197	83	110	90	182	39	76	171
id:	9
genes:	146	493	78	751	1766	227	727	448	1903	1993	671	73	1960	1906	1353	28	274	1065	1801	912	371	1795	1445	1825	1459	1652	339	24	1647	731	1779	1733	496	1643	164	1040	659	403	1397	1600	1077	1536	1052	1785	326	1679	1582	10	1859	311	987	508	673	598	865	56	3	1947	31	983	395	1256	916	864	1632	359	690	585	1469	1274	235	1707	841	1651	19	1505	1104	1419	330	901	397	1393	1352	198	1329	1144	1833	529	175	354	422	840	1763	1965	1926	1369	1277	705	1745	1192
samples:	180	150	79	168	18	147	47	56	199	6	141	121	182	66	193	97	159	32	116	17
